{
 "cells": [
  {
   "cell_type": "code",
   "execution_count": 3,
   "metadata": {},
   "outputs": [],
   "source": [
    "import numpy as np\n",
    "import itertools\n",
    "\n",
    "N = 10 ## Cambiar lectura de matriz\n",
    "k = N-1\n",
    "covmat = np.random.rand(N,N) #Aca corresponde ingresar la matriz de covarianzas ya calculada\n",
    "covmat = 0.5 * (covmat + covmat.T)\n",
    "covmat[[range(0,N)],[range(0,N)]] = 1 #Esta linea esta demas, eliminar cuando se vea como recibir la matriz desde matlab\n",
    "arr = list(range(0,N)) #Arreglo para generar las mascaras de las submatrices cuadradas"
   ]
  },
  {
   "cell_type": "code",
   "execution_count": 4,
   "metadata": {},
   "outputs": [
    {
     "data": {
      "text/plain": [
       "array([[1.        , 0.72801341, 0.43107376, 0.59516421, 0.48272556,\n",
       "        0.89878844, 0.28636567, 0.80243102, 0.54899989, 0.46707298],\n",
       "       [0.72801341, 1.        , 0.404122  , 0.27481531, 0.29433314,\n",
       "        0.5709858 , 0.55709283, 0.79518523, 0.72934671, 0.10568877],\n",
       "       [0.43107376, 0.404122  , 1.        , 0.80947645, 0.37877564,\n",
       "        0.1195931 , 0.37037753, 0.66511973, 0.70241825, 0.60503463],\n",
       "       [0.59516421, 0.27481531, 0.80947645, 1.        , 0.82845422,\n",
       "        0.34938354, 0.4582764 , 0.2977485 , 0.21652971, 0.09750683],\n",
       "       [0.48272556, 0.29433314, 0.37877564, 0.82845422, 1.        ,\n",
       "        0.70149107, 0.53558233, 0.54715048, 0.36213859, 0.52255734],\n",
       "       [0.89878844, 0.5709858 , 0.1195931 , 0.34938354, 0.70149107,\n",
       "        1.        , 0.52239201, 0.48553739, 0.41746876, 0.19889873],\n",
       "       [0.28636567, 0.55709283, 0.37037753, 0.4582764 , 0.53558233,\n",
       "        0.52239201, 1.        , 0.3757081 , 0.36323384, 0.29428651],\n",
       "       [0.80243102, 0.79518523, 0.66511973, 0.2977485 , 0.54715048,\n",
       "        0.48553739, 0.3757081 , 1.        , 0.66357382, 0.37521962],\n",
       "       [0.54899989, 0.72934671, 0.70241825, 0.21652971, 0.36213859,\n",
       "        0.41746876, 0.36323384, 0.66357382, 1.        , 0.80936809],\n",
       "       [0.46707298, 0.10568877, 0.60503463, 0.09750683, 0.52255734,\n",
       "        0.19889873, 0.29428651, 0.37521962, 0.80936809, 1.        ]])"
      ]
     },
     "execution_count": 4,
     "metadata": {},
     "output_type": "execute_result"
    }
   ],
   "source": [
    "covmat"
   ]
  },
  {
   "cell_type": "code",
   "execution_count": 5,
   "metadata": {},
   "outputs": [
    {
     "name": "stderr",
     "output_type": "stream",
     "text": [
      "/opt/miniconda/envs/jupyterhub/lib/python3.6/site-packages/ipyparallel/client/client.py:459: RuntimeWarning: \n",
      "            Controller appears to be listening on localhost, but not on this machine.\n",
      "            If this is true, you should specify Client(...,sshserver='you@brincolab1')\n",
      "            or instruct your controller to listen on an external IP.\n",
      "  RuntimeWarning)\n"
     ]
    }
   ],
   "source": [
    "from ipyparallel import Client\n",
    "rc = Client(profile='brincolab-cluster')\n",
    "rc.purge_everything()  #Limpiar la sesion"
   ]
  },
  {
   "cell_type": "code",
   "execution_count": 6,
   "metadata": {},
   "outputs": [],
   "source": [
    "dview = rc[:] # use all engines"
   ]
  },
  {
   "cell_type": "code",
   "execution_count": 7,
   "metadata": {},
   "outputs": [
    {
     "data": {
      "text/plain": [
       "<AsyncResult: use_pickle>"
      ]
     },
     "execution_count": 7,
     "metadata": {},
     "output_type": "execute_result"
    }
   ],
   "source": [
    "dview.use_pickle()"
   ]
  },
  {
   "cell_type": "code",
   "execution_count": 8,
   "metadata": {},
   "outputs": [],
   "source": [
    "dview['covmat'] = covmat #Distribuimos la matriz de covarianza"
   ]
  },
  {
   "cell_type": "code",
   "execution_count": 9,
   "metadata": {},
   "outputs": [],
   "source": [
    "c = dview['covmat']"
   ]
  },
  {
   "cell_type": "code",
   "execution_count": 10,
   "metadata": {},
   "outputs": [
    {
     "data": {
      "text/plain": [
       "[array([[1.        , 0.72801341, 0.43107376, 0.59516421, 0.48272556,\n",
       "         0.89878844, 0.28636567, 0.80243102, 0.54899989, 0.46707298],\n",
       "        [0.72801341, 1.        , 0.404122  , 0.27481531, 0.29433314,\n",
       "         0.5709858 , 0.55709283, 0.79518523, 0.72934671, 0.10568877],\n",
       "        [0.43107376, 0.404122  , 1.        , 0.80947645, 0.37877564,\n",
       "         0.1195931 , 0.37037753, 0.66511973, 0.70241825, 0.60503463],\n",
       "        [0.59516421, 0.27481531, 0.80947645, 1.        , 0.82845422,\n",
       "         0.34938354, 0.4582764 , 0.2977485 , 0.21652971, 0.09750683],\n",
       "        [0.48272556, 0.29433314, 0.37877564, 0.82845422, 1.        ,\n",
       "         0.70149107, 0.53558233, 0.54715048, 0.36213859, 0.52255734],\n",
       "        [0.89878844, 0.5709858 , 0.1195931 , 0.34938354, 0.70149107,\n",
       "         1.        , 0.52239201, 0.48553739, 0.41746876, 0.19889873],\n",
       "        [0.28636567, 0.55709283, 0.37037753, 0.4582764 , 0.53558233,\n",
       "         0.52239201, 1.        , 0.3757081 , 0.36323384, 0.29428651],\n",
       "        [0.80243102, 0.79518523, 0.66511973, 0.2977485 , 0.54715048,\n",
       "         0.48553739, 0.3757081 , 1.        , 0.66357382, 0.37521962],\n",
       "        [0.54899989, 0.72934671, 0.70241825, 0.21652971, 0.36213859,\n",
       "         0.41746876, 0.36323384, 0.66357382, 1.        , 0.80936809],\n",
       "        [0.46707298, 0.10568877, 0.60503463, 0.09750683, 0.52255734,\n",
       "         0.19889873, 0.29428651, 0.37521962, 0.80936809, 1.        ]]),\n",
       " array([[1.        , 0.72801341, 0.43107376, 0.59516421, 0.48272556,\n",
       "         0.89878844, 0.28636567, 0.80243102, 0.54899989, 0.46707298],\n",
       "        [0.72801341, 1.        , 0.404122  , 0.27481531, 0.29433314,\n",
       "         0.5709858 , 0.55709283, 0.79518523, 0.72934671, 0.10568877],\n",
       "        [0.43107376, 0.404122  , 1.        , 0.80947645, 0.37877564,\n",
       "         0.1195931 , 0.37037753, 0.66511973, 0.70241825, 0.60503463],\n",
       "        [0.59516421, 0.27481531, 0.80947645, 1.        , 0.82845422,\n",
       "         0.34938354, 0.4582764 , 0.2977485 , 0.21652971, 0.09750683],\n",
       "        [0.48272556, 0.29433314, 0.37877564, 0.82845422, 1.        ,\n",
       "         0.70149107, 0.53558233, 0.54715048, 0.36213859, 0.52255734],\n",
       "        [0.89878844, 0.5709858 , 0.1195931 , 0.34938354, 0.70149107,\n",
       "         1.        , 0.52239201, 0.48553739, 0.41746876, 0.19889873],\n",
       "        [0.28636567, 0.55709283, 0.37037753, 0.4582764 , 0.53558233,\n",
       "         0.52239201, 1.        , 0.3757081 , 0.36323384, 0.29428651],\n",
       "        [0.80243102, 0.79518523, 0.66511973, 0.2977485 , 0.54715048,\n",
       "         0.48553739, 0.3757081 , 1.        , 0.66357382, 0.37521962],\n",
       "        [0.54899989, 0.72934671, 0.70241825, 0.21652971, 0.36213859,\n",
       "         0.41746876, 0.36323384, 0.66357382, 1.        , 0.80936809],\n",
       "        [0.46707298, 0.10568877, 0.60503463, 0.09750683, 0.52255734,\n",
       "         0.19889873, 0.29428651, 0.37521962, 0.80936809, 1.        ]]),\n",
       " array([[1.        , 0.72801341, 0.43107376, 0.59516421, 0.48272556,\n",
       "         0.89878844, 0.28636567, 0.80243102, 0.54899989, 0.46707298],\n",
       "        [0.72801341, 1.        , 0.404122  , 0.27481531, 0.29433314,\n",
       "         0.5709858 , 0.55709283, 0.79518523, 0.72934671, 0.10568877],\n",
       "        [0.43107376, 0.404122  , 1.        , 0.80947645, 0.37877564,\n",
       "         0.1195931 , 0.37037753, 0.66511973, 0.70241825, 0.60503463],\n",
       "        [0.59516421, 0.27481531, 0.80947645, 1.        , 0.82845422,\n",
       "         0.34938354, 0.4582764 , 0.2977485 , 0.21652971, 0.09750683],\n",
       "        [0.48272556, 0.29433314, 0.37877564, 0.82845422, 1.        ,\n",
       "         0.70149107, 0.53558233, 0.54715048, 0.36213859, 0.52255734],\n",
       "        [0.89878844, 0.5709858 , 0.1195931 , 0.34938354, 0.70149107,\n",
       "         1.        , 0.52239201, 0.48553739, 0.41746876, 0.19889873],\n",
       "        [0.28636567, 0.55709283, 0.37037753, 0.4582764 , 0.53558233,\n",
       "         0.52239201, 1.        , 0.3757081 , 0.36323384, 0.29428651],\n",
       "        [0.80243102, 0.79518523, 0.66511973, 0.2977485 , 0.54715048,\n",
       "         0.48553739, 0.3757081 , 1.        , 0.66357382, 0.37521962],\n",
       "        [0.54899989, 0.72934671, 0.70241825, 0.21652971, 0.36213859,\n",
       "         0.41746876, 0.36323384, 0.66357382, 1.        , 0.80936809],\n",
       "        [0.46707298, 0.10568877, 0.60503463, 0.09750683, 0.52255734,\n",
       "         0.19889873, 0.29428651, 0.37521962, 0.80936809, 1.        ]]),\n",
       " array([[1.        , 0.72801341, 0.43107376, 0.59516421, 0.48272556,\n",
       "         0.89878844, 0.28636567, 0.80243102, 0.54899989, 0.46707298],\n",
       "        [0.72801341, 1.        , 0.404122  , 0.27481531, 0.29433314,\n",
       "         0.5709858 , 0.55709283, 0.79518523, 0.72934671, 0.10568877],\n",
       "        [0.43107376, 0.404122  , 1.        , 0.80947645, 0.37877564,\n",
       "         0.1195931 , 0.37037753, 0.66511973, 0.70241825, 0.60503463],\n",
       "        [0.59516421, 0.27481531, 0.80947645, 1.        , 0.82845422,\n",
       "         0.34938354, 0.4582764 , 0.2977485 , 0.21652971, 0.09750683],\n",
       "        [0.48272556, 0.29433314, 0.37877564, 0.82845422, 1.        ,\n",
       "         0.70149107, 0.53558233, 0.54715048, 0.36213859, 0.52255734],\n",
       "        [0.89878844, 0.5709858 , 0.1195931 , 0.34938354, 0.70149107,\n",
       "         1.        , 0.52239201, 0.48553739, 0.41746876, 0.19889873],\n",
       "        [0.28636567, 0.55709283, 0.37037753, 0.4582764 , 0.53558233,\n",
       "         0.52239201, 1.        , 0.3757081 , 0.36323384, 0.29428651],\n",
       "        [0.80243102, 0.79518523, 0.66511973, 0.2977485 , 0.54715048,\n",
       "         0.48553739, 0.3757081 , 1.        , 0.66357382, 0.37521962],\n",
       "        [0.54899989, 0.72934671, 0.70241825, 0.21652971, 0.36213859,\n",
       "         0.41746876, 0.36323384, 0.66357382, 1.        , 0.80936809],\n",
       "        [0.46707298, 0.10568877, 0.60503463, 0.09750683, 0.52255734,\n",
       "         0.19889873, 0.29428651, 0.37521962, 0.80936809, 1.        ]]),\n",
       " array([[1.        , 0.72801341, 0.43107376, 0.59516421, 0.48272556,\n",
       "         0.89878844, 0.28636567, 0.80243102, 0.54899989, 0.46707298],\n",
       "        [0.72801341, 1.        , 0.404122  , 0.27481531, 0.29433314,\n",
       "         0.5709858 , 0.55709283, 0.79518523, 0.72934671, 0.10568877],\n",
       "        [0.43107376, 0.404122  , 1.        , 0.80947645, 0.37877564,\n",
       "         0.1195931 , 0.37037753, 0.66511973, 0.70241825, 0.60503463],\n",
       "        [0.59516421, 0.27481531, 0.80947645, 1.        , 0.82845422,\n",
       "         0.34938354, 0.4582764 , 0.2977485 , 0.21652971, 0.09750683],\n",
       "        [0.48272556, 0.29433314, 0.37877564, 0.82845422, 1.        ,\n",
       "         0.70149107, 0.53558233, 0.54715048, 0.36213859, 0.52255734],\n",
       "        [0.89878844, 0.5709858 , 0.1195931 , 0.34938354, 0.70149107,\n",
       "         1.        , 0.52239201, 0.48553739, 0.41746876, 0.19889873],\n",
       "        [0.28636567, 0.55709283, 0.37037753, 0.4582764 , 0.53558233,\n",
       "         0.52239201, 1.        , 0.3757081 , 0.36323384, 0.29428651],\n",
       "        [0.80243102, 0.79518523, 0.66511973, 0.2977485 , 0.54715048,\n",
       "         0.48553739, 0.3757081 , 1.        , 0.66357382, 0.37521962],\n",
       "        [0.54899989, 0.72934671, 0.70241825, 0.21652971, 0.36213859,\n",
       "         0.41746876, 0.36323384, 0.66357382, 1.        , 0.80936809],\n",
       "        [0.46707298, 0.10568877, 0.60503463, 0.09750683, 0.52255734,\n",
       "         0.19889873, 0.29428651, 0.37521962, 0.80936809, 1.        ]]),\n",
       " array([[1.        , 0.72801341, 0.43107376, 0.59516421, 0.48272556,\n",
       "         0.89878844, 0.28636567, 0.80243102, 0.54899989, 0.46707298],\n",
       "        [0.72801341, 1.        , 0.404122  , 0.27481531, 0.29433314,\n",
       "         0.5709858 , 0.55709283, 0.79518523, 0.72934671, 0.10568877],\n",
       "        [0.43107376, 0.404122  , 1.        , 0.80947645, 0.37877564,\n",
       "         0.1195931 , 0.37037753, 0.66511973, 0.70241825, 0.60503463],\n",
       "        [0.59516421, 0.27481531, 0.80947645, 1.        , 0.82845422,\n",
       "         0.34938354, 0.4582764 , 0.2977485 , 0.21652971, 0.09750683],\n",
       "        [0.48272556, 0.29433314, 0.37877564, 0.82845422, 1.        ,\n",
       "         0.70149107, 0.53558233, 0.54715048, 0.36213859, 0.52255734],\n",
       "        [0.89878844, 0.5709858 , 0.1195931 , 0.34938354, 0.70149107,\n",
       "         1.        , 0.52239201, 0.48553739, 0.41746876, 0.19889873],\n",
       "        [0.28636567, 0.55709283, 0.37037753, 0.4582764 , 0.53558233,\n",
       "         0.52239201, 1.        , 0.3757081 , 0.36323384, 0.29428651],\n",
       "        [0.80243102, 0.79518523, 0.66511973, 0.2977485 , 0.54715048,\n",
       "         0.48553739, 0.3757081 , 1.        , 0.66357382, 0.37521962],\n",
       "        [0.54899989, 0.72934671, 0.70241825, 0.21652971, 0.36213859,\n",
       "         0.41746876, 0.36323384, 0.66357382, 1.        , 0.80936809],\n",
       "        [0.46707298, 0.10568877, 0.60503463, 0.09750683, 0.52255734,\n",
       "         0.19889873, 0.29428651, 0.37521962, 0.80936809, 1.        ]]),\n",
       " array([[1.        , 0.72801341, 0.43107376, 0.59516421, 0.48272556,\n",
       "         0.89878844, 0.28636567, 0.80243102, 0.54899989, 0.46707298],\n",
       "        [0.72801341, 1.        , 0.404122  , 0.27481531, 0.29433314,\n",
       "         0.5709858 , 0.55709283, 0.79518523, 0.72934671, 0.10568877],\n",
       "        [0.43107376, 0.404122  , 1.        , 0.80947645, 0.37877564,\n",
       "         0.1195931 , 0.37037753, 0.66511973, 0.70241825, 0.60503463],\n",
       "        [0.59516421, 0.27481531, 0.80947645, 1.        , 0.82845422,\n",
       "         0.34938354, 0.4582764 , 0.2977485 , 0.21652971, 0.09750683],\n",
       "        [0.48272556, 0.29433314, 0.37877564, 0.82845422, 1.        ,\n",
       "         0.70149107, 0.53558233, 0.54715048, 0.36213859, 0.52255734],\n",
       "        [0.89878844, 0.5709858 , 0.1195931 , 0.34938354, 0.70149107,\n",
       "         1.        , 0.52239201, 0.48553739, 0.41746876, 0.19889873],\n",
       "        [0.28636567, 0.55709283, 0.37037753, 0.4582764 , 0.53558233,\n",
       "         0.52239201, 1.        , 0.3757081 , 0.36323384, 0.29428651],\n",
       "        [0.80243102, 0.79518523, 0.66511973, 0.2977485 , 0.54715048,\n",
       "         0.48553739, 0.3757081 , 1.        , 0.66357382, 0.37521962],\n",
       "        [0.54899989, 0.72934671, 0.70241825, 0.21652971, 0.36213859,\n",
       "         0.41746876, 0.36323384, 0.66357382, 1.        , 0.80936809],\n",
       "        [0.46707298, 0.10568877, 0.60503463, 0.09750683, 0.52255734,\n",
       "         0.19889873, 0.29428651, 0.37521962, 0.80936809, 1.        ]]),\n",
       " array([[1.        , 0.72801341, 0.43107376, 0.59516421, 0.48272556,\n",
       "         0.89878844, 0.28636567, 0.80243102, 0.54899989, 0.46707298],\n",
       "        [0.72801341, 1.        , 0.404122  , 0.27481531, 0.29433314,\n",
       "         0.5709858 , 0.55709283, 0.79518523, 0.72934671, 0.10568877],\n",
       "        [0.43107376, 0.404122  , 1.        , 0.80947645, 0.37877564,\n",
       "         0.1195931 , 0.37037753, 0.66511973, 0.70241825, 0.60503463],\n",
       "        [0.59516421, 0.27481531, 0.80947645, 1.        , 0.82845422,\n",
       "         0.34938354, 0.4582764 , 0.2977485 , 0.21652971, 0.09750683],\n",
       "        [0.48272556, 0.29433314, 0.37877564, 0.82845422, 1.        ,\n",
       "         0.70149107, 0.53558233, 0.54715048, 0.36213859, 0.52255734],\n",
       "        [0.89878844, 0.5709858 , 0.1195931 , 0.34938354, 0.70149107,\n",
       "         1.        , 0.52239201, 0.48553739, 0.41746876, 0.19889873],\n",
       "        [0.28636567, 0.55709283, 0.37037753, 0.4582764 , 0.53558233,\n",
       "         0.52239201, 1.        , 0.3757081 , 0.36323384, 0.29428651],\n",
       "        [0.80243102, 0.79518523, 0.66511973, 0.2977485 , 0.54715048,\n",
       "         0.48553739, 0.3757081 , 1.        , 0.66357382, 0.37521962],\n",
       "        [0.54899989, 0.72934671, 0.70241825, 0.21652971, 0.36213859,\n",
       "         0.41746876, 0.36323384, 0.66357382, 1.        , 0.80936809],\n",
       "        [0.46707298, 0.10568877, 0.60503463, 0.09750683, 0.52255734,\n",
       "         0.19889873, 0.29428651, 0.37521962, 0.80936809, 1.        ]]),\n",
       " array([[1.        , 0.72801341, 0.43107376, 0.59516421, 0.48272556,\n",
       "         0.89878844, 0.28636567, 0.80243102, 0.54899989, 0.46707298],\n",
       "        [0.72801341, 1.        , 0.404122  , 0.27481531, 0.29433314,\n",
       "         0.5709858 , 0.55709283, 0.79518523, 0.72934671, 0.10568877],\n",
       "        [0.43107376, 0.404122  , 1.        , 0.80947645, 0.37877564,\n",
       "         0.1195931 , 0.37037753, 0.66511973, 0.70241825, 0.60503463],\n",
       "        [0.59516421, 0.27481531, 0.80947645, 1.        , 0.82845422,\n",
       "         0.34938354, 0.4582764 , 0.2977485 , 0.21652971, 0.09750683],\n",
       "        [0.48272556, 0.29433314, 0.37877564, 0.82845422, 1.        ,\n",
       "         0.70149107, 0.53558233, 0.54715048, 0.36213859, 0.52255734],\n",
       "        [0.89878844, 0.5709858 , 0.1195931 , 0.34938354, 0.70149107,\n",
       "         1.        , 0.52239201, 0.48553739, 0.41746876, 0.19889873],\n",
       "        [0.28636567, 0.55709283, 0.37037753, 0.4582764 , 0.53558233,\n",
       "         0.52239201, 1.        , 0.3757081 , 0.36323384, 0.29428651],\n",
       "        [0.80243102, 0.79518523, 0.66511973, 0.2977485 , 0.54715048,\n",
       "         0.48553739, 0.3757081 , 1.        , 0.66357382, 0.37521962],\n",
       "        [0.54899989, 0.72934671, 0.70241825, 0.21652971, 0.36213859,\n",
       "         0.41746876, 0.36323384, 0.66357382, 1.        , 0.80936809],\n",
       "        [0.46707298, 0.10568877, 0.60503463, 0.09750683, 0.52255734,\n",
       "         0.19889873, 0.29428651, 0.37521962, 0.80936809, 1.        ]]),\n",
       " array([[1.        , 0.72801341, 0.43107376, 0.59516421, 0.48272556,\n",
       "         0.89878844, 0.28636567, 0.80243102, 0.54899989, 0.46707298],\n",
       "        [0.72801341, 1.        , 0.404122  , 0.27481531, 0.29433314,\n",
       "         0.5709858 , 0.55709283, 0.79518523, 0.72934671, 0.10568877],\n",
       "        [0.43107376, 0.404122  , 1.        , 0.80947645, 0.37877564,\n",
       "         0.1195931 , 0.37037753, 0.66511973, 0.70241825, 0.60503463],\n",
       "        [0.59516421, 0.27481531, 0.80947645, 1.        , 0.82845422,\n",
       "         0.34938354, 0.4582764 , 0.2977485 , 0.21652971, 0.09750683],\n",
       "        [0.48272556, 0.29433314, 0.37877564, 0.82845422, 1.        ,\n",
       "         0.70149107, 0.53558233, 0.54715048, 0.36213859, 0.52255734],\n",
       "        [0.89878844, 0.5709858 , 0.1195931 , 0.34938354, 0.70149107,\n",
       "         1.        , 0.52239201, 0.48553739, 0.41746876, 0.19889873],\n",
       "        [0.28636567, 0.55709283, 0.37037753, 0.4582764 , 0.53558233,\n",
       "         0.52239201, 1.        , 0.3757081 , 0.36323384, 0.29428651],\n",
       "        [0.80243102, 0.79518523, 0.66511973, 0.2977485 , 0.54715048,\n",
       "         0.48553739, 0.3757081 , 1.        , 0.66357382, 0.37521962],\n",
       "        [0.54899989, 0.72934671, 0.70241825, 0.21652971, 0.36213859,\n",
       "         0.41746876, 0.36323384, 0.66357382, 1.        , 0.80936809],\n",
       "        [0.46707298, 0.10568877, 0.60503463, 0.09750683, 0.52255734,\n",
       "         0.19889873, 0.29428651, 0.37521962, 0.80936809, 1.        ]]),\n",
       " array([[1.        , 0.72801341, 0.43107376, 0.59516421, 0.48272556,\n",
       "         0.89878844, 0.28636567, 0.80243102, 0.54899989, 0.46707298],\n",
       "        [0.72801341, 1.        , 0.404122  , 0.27481531, 0.29433314,\n",
       "         0.5709858 , 0.55709283, 0.79518523, 0.72934671, 0.10568877],\n",
       "        [0.43107376, 0.404122  , 1.        , 0.80947645, 0.37877564,\n",
       "         0.1195931 , 0.37037753, 0.66511973, 0.70241825, 0.60503463],\n",
       "        [0.59516421, 0.27481531, 0.80947645, 1.        , 0.82845422,\n",
       "         0.34938354, 0.4582764 , 0.2977485 , 0.21652971, 0.09750683],\n",
       "        [0.48272556, 0.29433314, 0.37877564, 0.82845422, 1.        ,\n",
       "         0.70149107, 0.53558233, 0.54715048, 0.36213859, 0.52255734],\n",
       "        [0.89878844, 0.5709858 , 0.1195931 , 0.34938354, 0.70149107,\n",
       "         1.        , 0.52239201, 0.48553739, 0.41746876, 0.19889873],\n",
       "        [0.28636567, 0.55709283, 0.37037753, 0.4582764 , 0.53558233,\n",
       "         0.52239201, 1.        , 0.3757081 , 0.36323384, 0.29428651],\n",
       "        [0.80243102, 0.79518523, 0.66511973, 0.2977485 , 0.54715048,\n",
       "         0.48553739, 0.3757081 , 1.        , 0.66357382, 0.37521962],\n",
       "        [0.54899989, 0.72934671, 0.70241825, 0.21652971, 0.36213859,\n",
       "         0.41746876, 0.36323384, 0.66357382, 1.        , 0.80936809],\n",
       "        [0.46707298, 0.10568877, 0.60503463, 0.09750683, 0.52255734,\n",
       "         0.19889873, 0.29428651, 0.37521962, 0.80936809, 1.        ]]),\n",
       " array([[1.        , 0.72801341, 0.43107376, 0.59516421, 0.48272556,\n",
       "         0.89878844, 0.28636567, 0.80243102, 0.54899989, 0.46707298],\n",
       "        [0.72801341, 1.        , 0.404122  , 0.27481531, 0.29433314,\n",
       "         0.5709858 , 0.55709283, 0.79518523, 0.72934671, 0.10568877],\n",
       "        [0.43107376, 0.404122  , 1.        , 0.80947645, 0.37877564,\n",
       "         0.1195931 , 0.37037753, 0.66511973, 0.70241825, 0.60503463],\n",
       "        [0.59516421, 0.27481531, 0.80947645, 1.        , 0.82845422,\n",
       "         0.34938354, 0.4582764 , 0.2977485 , 0.21652971, 0.09750683],\n",
       "        [0.48272556, 0.29433314, 0.37877564, 0.82845422, 1.        ,\n",
       "         0.70149107, 0.53558233, 0.54715048, 0.36213859, 0.52255734],\n",
       "        [0.89878844, 0.5709858 , 0.1195931 , 0.34938354, 0.70149107,\n",
       "         1.        , 0.52239201, 0.48553739, 0.41746876, 0.19889873],\n",
       "        [0.28636567, 0.55709283, 0.37037753, 0.4582764 , 0.53558233,\n",
       "         0.52239201, 1.        , 0.3757081 , 0.36323384, 0.29428651],\n",
       "        [0.80243102, 0.79518523, 0.66511973, 0.2977485 , 0.54715048,\n",
       "         0.48553739, 0.3757081 , 1.        , 0.66357382, 0.37521962],\n",
       "        [0.54899989, 0.72934671, 0.70241825, 0.21652971, 0.36213859,\n",
       "         0.41746876, 0.36323384, 0.66357382, 1.        , 0.80936809],\n",
       "        [0.46707298, 0.10568877, 0.60503463, 0.09750683, 0.52255734,\n",
       "         0.19889873, 0.29428651, 0.37521962, 0.80936809, 1.        ]]),\n",
       " array([[1.        , 0.72801341, 0.43107376, 0.59516421, 0.48272556,\n",
       "         0.89878844, 0.28636567, 0.80243102, 0.54899989, 0.46707298],\n",
       "        [0.72801341, 1.        , 0.404122  , 0.27481531, 0.29433314,\n",
       "         0.5709858 , 0.55709283, 0.79518523, 0.72934671, 0.10568877],\n",
       "        [0.43107376, 0.404122  , 1.        , 0.80947645, 0.37877564,\n",
       "         0.1195931 , 0.37037753, 0.66511973, 0.70241825, 0.60503463],\n",
       "        [0.59516421, 0.27481531, 0.80947645, 1.        , 0.82845422,\n",
       "         0.34938354, 0.4582764 , 0.2977485 , 0.21652971, 0.09750683],\n",
       "        [0.48272556, 0.29433314, 0.37877564, 0.82845422, 1.        ,\n",
       "         0.70149107, 0.53558233, 0.54715048, 0.36213859, 0.52255734],\n",
       "        [0.89878844, 0.5709858 , 0.1195931 , 0.34938354, 0.70149107,\n",
       "         1.        , 0.52239201, 0.48553739, 0.41746876, 0.19889873],\n",
       "        [0.28636567, 0.55709283, 0.37037753, 0.4582764 , 0.53558233,\n",
       "         0.52239201, 1.        , 0.3757081 , 0.36323384, 0.29428651],\n",
       "        [0.80243102, 0.79518523, 0.66511973, 0.2977485 , 0.54715048,\n",
       "         0.48553739, 0.3757081 , 1.        , 0.66357382, 0.37521962],\n",
       "        [0.54899989, 0.72934671, 0.70241825, 0.21652971, 0.36213859,\n",
       "         0.41746876, 0.36323384, 0.66357382, 1.        , 0.80936809],\n",
       "        [0.46707298, 0.10568877, 0.60503463, 0.09750683, 0.52255734,\n",
       "         0.19889873, 0.29428651, 0.37521962, 0.80936809, 1.        ]]),\n",
       " array([[1.        , 0.72801341, 0.43107376, 0.59516421, 0.48272556,\n",
       "         0.89878844, 0.28636567, 0.80243102, 0.54899989, 0.46707298],\n",
       "        [0.72801341, 1.        , 0.404122  , 0.27481531, 0.29433314,\n",
       "         0.5709858 , 0.55709283, 0.79518523, 0.72934671, 0.10568877],\n",
       "        [0.43107376, 0.404122  , 1.        , 0.80947645, 0.37877564,\n",
       "         0.1195931 , 0.37037753, 0.66511973, 0.70241825, 0.60503463],\n",
       "        [0.59516421, 0.27481531, 0.80947645, 1.        , 0.82845422,\n",
       "         0.34938354, 0.4582764 , 0.2977485 , 0.21652971, 0.09750683],\n",
       "        [0.48272556, 0.29433314, 0.37877564, 0.82845422, 1.        ,\n",
       "         0.70149107, 0.53558233, 0.54715048, 0.36213859, 0.52255734],\n",
       "        [0.89878844, 0.5709858 , 0.1195931 , 0.34938354, 0.70149107,\n",
       "         1.        , 0.52239201, 0.48553739, 0.41746876, 0.19889873],\n",
       "        [0.28636567, 0.55709283, 0.37037753, 0.4582764 , 0.53558233,\n",
       "         0.52239201, 1.        , 0.3757081 , 0.36323384, 0.29428651],\n",
       "        [0.80243102, 0.79518523, 0.66511973, 0.2977485 , 0.54715048,\n",
       "         0.48553739, 0.3757081 , 1.        , 0.66357382, 0.37521962],\n",
       "        [0.54899989, 0.72934671, 0.70241825, 0.21652971, 0.36213859,\n",
       "         0.41746876, 0.36323384, 0.66357382, 1.        , 0.80936809],\n",
       "        [0.46707298, 0.10568877, 0.60503463, 0.09750683, 0.52255734,\n",
       "         0.19889873, 0.29428651, 0.37521962, 0.80936809, 1.        ]]),\n",
       " array([[1.        , 0.72801341, 0.43107376, 0.59516421, 0.48272556,\n",
       "         0.89878844, 0.28636567, 0.80243102, 0.54899989, 0.46707298],\n",
       "        [0.72801341, 1.        , 0.404122  , 0.27481531, 0.29433314,\n",
       "         0.5709858 , 0.55709283, 0.79518523, 0.72934671, 0.10568877],\n",
       "        [0.43107376, 0.404122  , 1.        , 0.80947645, 0.37877564,\n",
       "         0.1195931 , 0.37037753, 0.66511973, 0.70241825, 0.60503463],\n",
       "        [0.59516421, 0.27481531, 0.80947645, 1.        , 0.82845422,\n",
       "         0.34938354, 0.4582764 , 0.2977485 , 0.21652971, 0.09750683],\n",
       "        [0.48272556, 0.29433314, 0.37877564, 0.82845422, 1.        ,\n",
       "         0.70149107, 0.53558233, 0.54715048, 0.36213859, 0.52255734],\n",
       "        [0.89878844, 0.5709858 , 0.1195931 , 0.34938354, 0.70149107,\n",
       "         1.        , 0.52239201, 0.48553739, 0.41746876, 0.19889873],\n",
       "        [0.28636567, 0.55709283, 0.37037753, 0.4582764 , 0.53558233,\n",
       "         0.52239201, 1.        , 0.3757081 , 0.36323384, 0.29428651],\n",
       "        [0.80243102, 0.79518523, 0.66511973, 0.2977485 , 0.54715048,\n",
       "         0.48553739, 0.3757081 , 1.        , 0.66357382, 0.37521962],\n",
       "        [0.54899989, 0.72934671, 0.70241825, 0.21652971, 0.36213859,\n",
       "         0.41746876, 0.36323384, 0.66357382, 1.        , 0.80936809],\n",
       "        [0.46707298, 0.10568877, 0.60503463, 0.09750683, 0.52255734,\n",
       "         0.19889873, 0.29428651, 0.37521962, 0.80936809, 1.        ]]),\n",
       " array([[1.        , 0.72801341, 0.43107376, 0.59516421, 0.48272556,\n",
       "         0.89878844, 0.28636567, 0.80243102, 0.54899989, 0.46707298],\n",
       "        [0.72801341, 1.        , 0.404122  , 0.27481531, 0.29433314,\n",
       "         0.5709858 , 0.55709283, 0.79518523, 0.72934671, 0.10568877],\n",
       "        [0.43107376, 0.404122  , 1.        , 0.80947645, 0.37877564,\n",
       "         0.1195931 , 0.37037753, 0.66511973, 0.70241825, 0.60503463],\n",
       "        [0.59516421, 0.27481531, 0.80947645, 1.        , 0.82845422,\n",
       "         0.34938354, 0.4582764 , 0.2977485 , 0.21652971, 0.09750683],\n",
       "        [0.48272556, 0.29433314, 0.37877564, 0.82845422, 1.        ,\n",
       "         0.70149107, 0.53558233, 0.54715048, 0.36213859, 0.52255734],\n",
       "        [0.89878844, 0.5709858 , 0.1195931 , 0.34938354, 0.70149107,\n",
       "         1.        , 0.52239201, 0.48553739, 0.41746876, 0.19889873],\n",
       "        [0.28636567, 0.55709283, 0.37037753, 0.4582764 , 0.53558233,\n",
       "         0.52239201, 1.        , 0.3757081 , 0.36323384, 0.29428651],\n",
       "        [0.80243102, 0.79518523, 0.66511973, 0.2977485 , 0.54715048,\n",
       "         0.48553739, 0.3757081 , 1.        , 0.66357382, 0.37521962],\n",
       "        [0.54899989, 0.72934671, 0.70241825, 0.21652971, 0.36213859,\n",
       "         0.41746876, 0.36323384, 0.66357382, 1.        , 0.80936809],\n",
       "        [0.46707298, 0.10568877, 0.60503463, 0.09750683, 0.52255734,\n",
       "         0.19889873, 0.29428651, 0.37521962, 0.80936809, 1.        ]]),\n",
       " array([[1.        , 0.72801341, 0.43107376, 0.59516421, 0.48272556,\n",
       "         0.89878844, 0.28636567, 0.80243102, 0.54899989, 0.46707298],\n",
       "        [0.72801341, 1.        , 0.404122  , 0.27481531, 0.29433314,\n",
       "         0.5709858 , 0.55709283, 0.79518523, 0.72934671, 0.10568877],\n",
       "        [0.43107376, 0.404122  , 1.        , 0.80947645, 0.37877564,\n",
       "         0.1195931 , 0.37037753, 0.66511973, 0.70241825, 0.60503463],\n",
       "        [0.59516421, 0.27481531, 0.80947645, 1.        , 0.82845422,\n",
       "         0.34938354, 0.4582764 , 0.2977485 , 0.21652971, 0.09750683],\n",
       "        [0.48272556, 0.29433314, 0.37877564, 0.82845422, 1.        ,\n",
       "         0.70149107, 0.53558233, 0.54715048, 0.36213859, 0.52255734],\n",
       "        [0.89878844, 0.5709858 , 0.1195931 , 0.34938354, 0.70149107,\n",
       "         1.        , 0.52239201, 0.48553739, 0.41746876, 0.19889873],\n",
       "        [0.28636567, 0.55709283, 0.37037753, 0.4582764 , 0.53558233,\n",
       "         0.52239201, 1.        , 0.3757081 , 0.36323384, 0.29428651],\n",
       "        [0.80243102, 0.79518523, 0.66511973, 0.2977485 , 0.54715048,\n",
       "         0.48553739, 0.3757081 , 1.        , 0.66357382, 0.37521962],\n",
       "        [0.54899989, 0.72934671, 0.70241825, 0.21652971, 0.36213859,\n",
       "         0.41746876, 0.36323384, 0.66357382, 1.        , 0.80936809],\n",
       "        [0.46707298, 0.10568877, 0.60503463, 0.09750683, 0.52255734,\n",
       "         0.19889873, 0.29428651, 0.37521962, 0.80936809, 1.        ]]),\n",
       " array([[1.        , 0.72801341, 0.43107376, 0.59516421, 0.48272556,\n",
       "         0.89878844, 0.28636567, 0.80243102, 0.54899989, 0.46707298],\n",
       "        [0.72801341, 1.        , 0.404122  , 0.27481531, 0.29433314,\n",
       "         0.5709858 , 0.55709283, 0.79518523, 0.72934671, 0.10568877],\n",
       "        [0.43107376, 0.404122  , 1.        , 0.80947645, 0.37877564,\n",
       "         0.1195931 , 0.37037753, 0.66511973, 0.70241825, 0.60503463],\n",
       "        [0.59516421, 0.27481531, 0.80947645, 1.        , 0.82845422,\n",
       "         0.34938354, 0.4582764 , 0.2977485 , 0.21652971, 0.09750683],\n",
       "        [0.48272556, 0.29433314, 0.37877564, 0.82845422, 1.        ,\n",
       "         0.70149107, 0.53558233, 0.54715048, 0.36213859, 0.52255734],\n",
       "        [0.89878844, 0.5709858 , 0.1195931 , 0.34938354, 0.70149107,\n",
       "         1.        , 0.52239201, 0.48553739, 0.41746876, 0.19889873],\n",
       "        [0.28636567, 0.55709283, 0.37037753, 0.4582764 , 0.53558233,\n",
       "         0.52239201, 1.        , 0.3757081 , 0.36323384, 0.29428651],\n",
       "        [0.80243102, 0.79518523, 0.66511973, 0.2977485 , 0.54715048,\n",
       "         0.48553739, 0.3757081 , 1.        , 0.66357382, 0.37521962],\n",
       "        [0.54899989, 0.72934671, 0.70241825, 0.21652971, 0.36213859,\n",
       "         0.41746876, 0.36323384, 0.66357382, 1.        , 0.80936809],\n",
       "        [0.46707298, 0.10568877, 0.60503463, 0.09750683, 0.52255734,\n",
       "         0.19889873, 0.29428651, 0.37521962, 0.80936809, 1.        ]]),\n",
       " array([[1.        , 0.72801341, 0.43107376, 0.59516421, 0.48272556,\n",
       "         0.89878844, 0.28636567, 0.80243102, 0.54899989, 0.46707298],\n",
       "        [0.72801341, 1.        , 0.404122  , 0.27481531, 0.29433314,\n",
       "         0.5709858 , 0.55709283, 0.79518523, 0.72934671, 0.10568877],\n",
       "        [0.43107376, 0.404122  , 1.        , 0.80947645, 0.37877564,\n",
       "         0.1195931 , 0.37037753, 0.66511973, 0.70241825, 0.60503463],\n",
       "        [0.59516421, 0.27481531, 0.80947645, 1.        , 0.82845422,\n",
       "         0.34938354, 0.4582764 , 0.2977485 , 0.21652971, 0.09750683],\n",
       "        [0.48272556, 0.29433314, 0.37877564, 0.82845422, 1.        ,\n",
       "         0.70149107, 0.53558233, 0.54715048, 0.36213859, 0.52255734],\n",
       "        [0.89878844, 0.5709858 , 0.1195931 , 0.34938354, 0.70149107,\n",
       "         1.        , 0.52239201, 0.48553739, 0.41746876, 0.19889873],\n",
       "        [0.28636567, 0.55709283, 0.37037753, 0.4582764 , 0.53558233,\n",
       "         0.52239201, 1.        , 0.3757081 , 0.36323384, 0.29428651],\n",
       "        [0.80243102, 0.79518523, 0.66511973, 0.2977485 , 0.54715048,\n",
       "         0.48553739, 0.3757081 , 1.        , 0.66357382, 0.37521962],\n",
       "        [0.54899989, 0.72934671, 0.70241825, 0.21652971, 0.36213859,\n",
       "         0.41746876, 0.36323384, 0.66357382, 1.        , 0.80936809],\n",
       "        [0.46707298, 0.10568877, 0.60503463, 0.09750683, 0.52255734,\n",
       "         0.19889873, 0.29428651, 0.37521962, 0.80936809, 1.        ]]),\n",
       " array([[1.        , 0.72801341, 0.43107376, 0.59516421, 0.48272556,\n",
       "         0.89878844, 0.28636567, 0.80243102, 0.54899989, 0.46707298],\n",
       "        [0.72801341, 1.        , 0.404122  , 0.27481531, 0.29433314,\n",
       "         0.5709858 , 0.55709283, 0.79518523, 0.72934671, 0.10568877],\n",
       "        [0.43107376, 0.404122  , 1.        , 0.80947645, 0.37877564,\n",
       "         0.1195931 , 0.37037753, 0.66511973, 0.70241825, 0.60503463],\n",
       "        [0.59516421, 0.27481531, 0.80947645, 1.        , 0.82845422,\n",
       "         0.34938354, 0.4582764 , 0.2977485 , 0.21652971, 0.09750683],\n",
       "        [0.48272556, 0.29433314, 0.37877564, 0.82845422, 1.        ,\n",
       "         0.70149107, 0.53558233, 0.54715048, 0.36213859, 0.52255734],\n",
       "        [0.89878844, 0.5709858 , 0.1195931 , 0.34938354, 0.70149107,\n",
       "         1.        , 0.52239201, 0.48553739, 0.41746876, 0.19889873],\n",
       "        [0.28636567, 0.55709283, 0.37037753, 0.4582764 , 0.53558233,\n",
       "         0.52239201, 1.        , 0.3757081 , 0.36323384, 0.29428651],\n",
       "        [0.80243102, 0.79518523, 0.66511973, 0.2977485 , 0.54715048,\n",
       "         0.48553739, 0.3757081 , 1.        , 0.66357382, 0.37521962],\n",
       "        [0.54899989, 0.72934671, 0.70241825, 0.21652971, 0.36213859,\n",
       "         0.41746876, 0.36323384, 0.66357382, 1.        , 0.80936809],\n",
       "        [0.46707298, 0.10568877, 0.60503463, 0.09750683, 0.52255734,\n",
       "         0.19889873, 0.29428651, 0.37521962, 0.80936809, 1.        ]]),\n",
       " array([[1.        , 0.72801341, 0.43107376, 0.59516421, 0.48272556,\n",
       "         0.89878844, 0.28636567, 0.80243102, 0.54899989, 0.46707298],\n",
       "        [0.72801341, 1.        , 0.404122  , 0.27481531, 0.29433314,\n",
       "         0.5709858 , 0.55709283, 0.79518523, 0.72934671, 0.10568877],\n",
       "        [0.43107376, 0.404122  , 1.        , 0.80947645, 0.37877564,\n",
       "         0.1195931 , 0.37037753, 0.66511973, 0.70241825, 0.60503463],\n",
       "        [0.59516421, 0.27481531, 0.80947645, 1.        , 0.82845422,\n",
       "         0.34938354, 0.4582764 , 0.2977485 , 0.21652971, 0.09750683],\n",
       "        [0.48272556, 0.29433314, 0.37877564, 0.82845422, 1.        ,\n",
       "         0.70149107, 0.53558233, 0.54715048, 0.36213859, 0.52255734],\n",
       "        [0.89878844, 0.5709858 , 0.1195931 , 0.34938354, 0.70149107,\n",
       "         1.        , 0.52239201, 0.48553739, 0.41746876, 0.19889873],\n",
       "        [0.28636567, 0.55709283, 0.37037753, 0.4582764 , 0.53558233,\n",
       "         0.52239201, 1.        , 0.3757081 , 0.36323384, 0.29428651],\n",
       "        [0.80243102, 0.79518523, 0.66511973, 0.2977485 , 0.54715048,\n",
       "         0.48553739, 0.3757081 , 1.        , 0.66357382, 0.37521962],\n",
       "        [0.54899989, 0.72934671, 0.70241825, 0.21652971, 0.36213859,\n",
       "         0.41746876, 0.36323384, 0.66357382, 1.        , 0.80936809],\n",
       "        [0.46707298, 0.10568877, 0.60503463, 0.09750683, 0.52255734,\n",
       "         0.19889873, 0.29428651, 0.37521962, 0.80936809, 1.        ]]),\n",
       " array([[1.        , 0.72801341, 0.43107376, 0.59516421, 0.48272556,\n",
       "         0.89878844, 0.28636567, 0.80243102, 0.54899989, 0.46707298],\n",
       "        [0.72801341, 1.        , 0.404122  , 0.27481531, 0.29433314,\n",
       "         0.5709858 , 0.55709283, 0.79518523, 0.72934671, 0.10568877],\n",
       "        [0.43107376, 0.404122  , 1.        , 0.80947645, 0.37877564,\n",
       "         0.1195931 , 0.37037753, 0.66511973, 0.70241825, 0.60503463],\n",
       "        [0.59516421, 0.27481531, 0.80947645, 1.        , 0.82845422,\n",
       "         0.34938354, 0.4582764 , 0.2977485 , 0.21652971, 0.09750683],\n",
       "        [0.48272556, 0.29433314, 0.37877564, 0.82845422, 1.        ,\n",
       "         0.70149107, 0.53558233, 0.54715048, 0.36213859, 0.52255734],\n",
       "        [0.89878844, 0.5709858 , 0.1195931 , 0.34938354, 0.70149107,\n",
       "         1.        , 0.52239201, 0.48553739, 0.41746876, 0.19889873],\n",
       "        [0.28636567, 0.55709283, 0.37037753, 0.4582764 , 0.53558233,\n",
       "         0.52239201, 1.        , 0.3757081 , 0.36323384, 0.29428651],\n",
       "        [0.80243102, 0.79518523, 0.66511973, 0.2977485 , 0.54715048,\n",
       "         0.48553739, 0.3757081 , 1.        , 0.66357382, 0.37521962],\n",
       "        [0.54899989, 0.72934671, 0.70241825, 0.21652971, 0.36213859,\n",
       "         0.41746876, 0.36323384, 0.66357382, 1.        , 0.80936809],\n",
